0.000000000 49 48 1
0.000000642 109 64 1
0.000001385 17 48 1
0.000001790 6 49 1
0.000002511 110 60 1
0.000003247 103 34 1
0.000004208 2 13 1
0.000004919 44 124 1
0.000005105 111 36 1
0.000005787 76 38 0
0.000006193 112 93 0
0.000007159 47 117 1
0.000007685 88 7 0
0.000008366 87 112 0
0.000008525 0 38 0
0.000008685 14 81 1
0.000008853 89 78 1
0.000009464 108 60 1
0.000009895 7 51 1
0.000009913 73 54 0
0.000010089 102 4 1
0.000010118 30 66 0
0.000010539 60 75 1
0.000011468 40 29 0
0.000012207 73 56 0
0.000012822 76 30 0
0.000013114 95 121 1
0.000013531 58 65 0
0.000014484 35 95 1
0.000014716 25 104 0
0.000015075 86 49 1
0.000015103 89 104 1
0.000015876 24 71 1
0.000015939 87 63 1
0.000016524 27 4 0
0.000016580 50 58 1
0.000017357 127 46 0
0.000018140 109 8 1
0.000018521 111 91 0
0.000019345 43 91 1
0.000019771 103 22 0
0.000020331 80 71 0
0.000021303 34 53 0
0.000021337 116 53 1
0.000021646 75 100 0
0.000021902 106 19 1
0.000022472 17 115 1
0.000022565 105 119 0
0.000023553 36 0 1
0.000024060 44 70 0
0.000024080 98 126 1
0.000024451 99 82 1
0.000024855 45 30 1
0.000025558 100 38 1
0.000025912 31 86 0
0.000026557 122 34 1
0.000027397 114 124 1
0.000027755 60 10 0
0.000028213 25 86 0
0.000029032 123 34 0
0.000029538 17 123 0
0.000030425 120 100 1
0.000030757 55 79 0
0.000031553 127 100 1
0.000032139 108 55 1
0.000032349 88 13 1
0.000032600 23 60 1
0.000033499 25 41 0
0.000033567 40 48 1
0.000034146 95 12 0
0.000034897 52 86 1
0.000035850 89 29 0
0.000036576 8 44 0
0.000036778 73 75 1
0.000037755 16 56 1
0.000038590 15 26 0
0.000038839 55 41 1
0.000039539 0 56 1
0.000039980 64 19 0
0.000040313 117 104 0
0.000040614 18 101 0
0.000041390 124 53 1
0.000041493 72 58 0
0.000041868 118 46 1
0.000042536 6 97 1
0.000043485 31 31 1
0.000044231 116 51 0
0.000044738 83 20 0
0.000045711 48 84 0
0.000046165 14 96 0
0.000046289 116 120 1
0.000046769 102 41 0
0.000047672 121 70 0
0.000048466 68 109 0
0.000048590 87 5 0
0.000048880 61 18 0
0.000049454 46 116 0
0.000049844 40 2 1
0.000050480 38 25 0
0.000050970 87 80 1
0.000051571 36 54 1
0.000052179 110 40 1
0.000052878 104 109 1
0.000053252 67 20 1
0.000054134 22 58 1
0.000054596 6 13 0
0.000055383 107 13 1
0.000055665 10 79 0
0.000055767 5 116 1
0.000056479 9 59 1
0.000057321 43 110 1
0.000057444 47 49 1
0.000058047 87 44 1
0.000058984 52 41 0
0.000059236 19 37 0
0.000059943 49 103 0
0.000060507 27 90 0
0.000061028 34 80 1
0.000061485 110 32 0
0.000062011 94 88 0
0.000062181 60 42 0
0.000062342 118 34 1
0.000063043 52 61 1
0.000063552 70 27 0
0.000064457 71 3 0
0.000065373 26 87 1
0.000065376 32 90 0
0.000065833 57 8 1
0.000066745 75 86 1
0.000066962 77 121 1
0.000067550 77 53 0
0.000068493 125 101 0
0.000069459 112 42 1
0.000070052 71 9 0
0.000070378 117 22 1
0.000070452 83 38 1
0.000071382 57 20 0
0.000071916 30 55 1
0.000072222 35 24 0
0.000072638 0 13 0
0.000072812 50 70 0
0.000073769 67 7 0
0.000074661 116 58 0
0.000074966 122 33 0
0.000075548 100 20 0
0.000076424 113 66 1
0.000077357 27 103 1
0.000078263 11 12 0
0.000078355 80 52 1
0.000079306 26 15 1
0.000079746 2 76 0
0.000079895 31 10 0
0.000080675 120 83 0
0.000080785 3 8 1
0.000080923 119 6 1
0.000081130 60 29 1
0.000081584 8 70 0
0.000082401 115 5 1
0.000082868 18 88 1
0.000083620 61 59 1
0.000084253 89 15 1
0.000084529 110 51 1
0.000085298 4 118 0
0.000085592 119 42 0
0.000086052 89 98 0
0.000086336 81 71 1
0.000087203 43 111 0
0.000087905 17 36 1
0.000088164 42 87 1
0.000088426 59 91 1
0.000089329 59 68 1
0.000089853 72 13 1
0.000090604 68 75 1
0.000091568 10 124 0
0.000091999 35 115 1
0.000092253 1 4 0
0.000093048 70 103 1
0.000093436 116 118 0
0.000093466 49 25 0
0.000094427 37 67 1
0.000095342 51 114 1
0.000096290 66 35 1
0.000097253 127 89 1
0.000097769 15 88 0
0.000098127 70 15 0
0.000098309 94 2 0
0.000098773 86 49 0
0.000099298 117 15 1
0.000099379 69 112 0
0.000099954 119 0 1
0.000100594 57 61 1
0.000101573 49 56 1
0.000101784 3 76 0
0.000102250 18 39 0
0.000102444 33 105 0
0.000103205 9 67 1
0.000103691 1 66 1
0.000104251 48 2 0
0.000104923 119 28 1
0.000105785 86 105 1
